Step Temp PotEng (eV) KinEng (eV) TotEng (eV)
0 1000 -260.638635881716 8.27264928 -252.365986601716
1 1002.31234326425 -260.657460614795 8.29177848484008 -252.365682129955
2 998.873789212168 -260.628853033108 8.26333253313692 -252.365520499972
3 990.14084012562 -260.55621732034 8.19108790816381 -252.365129412176
4 976.591964486976 -260.44398760586 8.07900281186697 -252.364984793993
5 958.713865458779 -260.295767706799 7.93110356881359 -252.364664137985
6 937.062429568064 -260.116218453261 7.7519888332813 -252.364229619979
7 912.191416376243 -259.910232415053 7.5462396639071 -252.363992751146
8 884.687014438051 -259.681978389329 7.31870539301629 -252.363272996313
9 855.28917492743 -259.438008544617 7.0755073771552 -252.362501167462
10 824.974318176714 -259.185705422551 6.82472319928308 -252.360982223268
