Step Temp PotEng (eV) KinEng (eV) TotEng (eV)
0 1000 -260.621326520086 8.27264928 -252.348677240086
1 1000.18418735336 -260.622725464492 8.27417299737612 -252.348552467115
2 994.918406972344 -260.579158598427 8.23061104309851 -252.348547555329
3 984.297764420485 -260.491284025892 8.14275019213874 -252.348533833753
4 968.383782803702 -260.359607543277 8.01109940357473 -252.348508139702
5 947.34980040904 -260.185360008183 7.83709264426199 -252.348267363921
6 921.531523786237 -259.971388901155 7.62350709674752 -252.347881804408
7 891.406348434281 -259.721719649171 7.37429208656228 -252.347427562608
8 857.624644051889 -259.44132201327 7.09482789412612 -252.346494119144
9 821.071707847795 -259.137780989826 6.79243827275543 -252.345342717071
10 782.796647412352 -258.819840231372 6.47580212160221 -252.34403810977
11 743.868282456638 -258.496100241457 6.15376141127974 -252.342338830177
12 705.372021775891 -258.175728046638 5.83529534807647 -252.340432698561
13 668.345129816142 -257.867299896316 5.52898485696501 -252.338315039351
14 633.662606977258 -257.578164203131 5.24206850937334 -252.336095693758
15 602.032982094039 -257.314064545451 4.98040771585651 -252.333656829595
16 574.042734137473 -257.079799649133 4.7488542112516 -252.330945437881
17 550.133186901852 -256.879164426816 4.55105891252771 -252.328105514288
18 530.524407541752 -256.713948476438 4.3888423580727 -252.325106118365
19 515.271483522916 -256.584477639947 4.26266026717038 -252.321817372776
20 504.323949071428 -256.490340287402 4.1720951541725 -252.31824513323
21 497.51113408016 -256.430170294362 4.11573512514022 -252.314435169222
22 494.541004018195 -256.401400737015 4.0911642808216 -252.310236456194
23 495.0494621399 -256.401010141235 4.09537057653603 -252.305639564699
24 498.56664701407 -256.425133338619 4.12446701345296 -252.300666325166
25 504.588800569848 -256.469479018371 4.17428617773022 -252.295192840641
26 512.674518227995 -256.530313359498 4.24117648409317 -252.289136875405
27 522.402183135158 -256.604266047883 4.32165004418349 -252.2826160037
28 533.335076245092 -256.687599536988 4.41209403449771 -252.27550550249
29 545.138030989634 -256.777521138271 4.50973573956701 -252.267785398704
30 557.534462921482 -256.871666394679 4.61228707326258 -252.259379321417
31 570.2259589223 -256.967606623504 4.71727936851588 -252.250327254988
32 583.020279063926 -257.063602229914 4.82312229182359 -252.24047993809
33 595.825758828264 -257.159126421138 4.92905753477609 -252.230068886362
34 608.591775468464 -257.253658961759 5.03466631314311 -252.218992648616
35 621.264621697983 -257.346806464655 5.13950432537929 -252.207302139276
36 633.729454212183 -257.437639945069 5.24262151310321 -252.195018431966
37 645.810831165689 -257.524683599769 5.34256650745904 -252.18211709231
38 657.2739999586 -257.606104186448 5.43739728252023 -252.168706903927
39 667.868913228319 -257.679580840781 5.52504528415264 -252.154535556628
40 677.374049937537 -257.743495448074 5.60367794650645 -252.139817501567
