Step Temp PotEng (eV) KinEng (eV) TotEng (eV)
0 1000 -260.617395257464 8.27264928 -252.344745977464
1 1000.56715720688 -260.621958579317 8.27734117265912 -252.344617406657
2 995.498790511006 -260.580026698829 8.23541235256175 -252.344614346267
3 984.937074853196 -260.492545808442 8.1480389831296 -252.344506825312
4 969.018346530014 -260.360774510085 8.01634892672831 -252.344425583357
5 947.949732240634 -260.186252398083 7.84205566989667 -252.344196728186
6 922.104161901424 -259.972008475194 7.62824433103882 -252.343764144156
7 892.055963734473 -259.722858017751 7.3796661261077 -252.343191891643
8 858.529061729609 -259.444610728842 7.10230982437653 -252.342300904466
9 822.396128010495 -259.144576746217 6.80339473626081 -252.341182009956
10 784.726267701927 -258.831421134338 6.49176519350143 -252.339655940836
11 746.542985471398 -258.513993516189 6.17588829124901 -252.33810522494
12 708.717712923544 -258.19930595751 5.8629730775402 -252.33633287997
13 672.024471275808 -257.893879227292 5.5594227584422 -252.33445646885
14 637.056358024681 -257.602598263032 5.2701438215323 -252.3324544415
15 604.26710439056 -257.329052117995 4.99888982606425 -252.330162291931
16 574.002355867724 -257.076154977974 4.74852017598743 -252.327634801986
17 546.534519919488 -256.846133924323 4.5212884027071 -252.324845521616
18 522.11192956572 -256.641006978553 4.31924887820127 -252.321758100352
19 500.944894648454 -256.462553469293 4.14414142203321 -252.31841204726
20 483.173448628785 -256.311965360219 3.99712448191404 -252.314840878305
21 468.797897297898 -256.189265825723 3.87820058754697 -252.311065238176
22 457.70602136936 -256.093446583724 3.7864413881329 -252.307005195591
23 449.740245370554 -256.023175786146 3.72054331705173 -252.302632469094
24 444.664217338706 -255.97652042071 3.67855111740881 -252.297969303301
25 442.172840422834 -255.950882328612 3.65794082995952 -252.292941498653
26 441.927007354881 -255.94342230403 3.65590713920691 -252.287515164823
27 443.572100067847 -255.951186187756 3.66951641425436 -252.281669773502
28 446.732970946513 -255.971028724626 3.69566519045294 -252.275363534173
29 451.031385569691 -255.999775366319 3.73122446709051 -252.268550899229
30 456.143285190961 -256.034702452316 3.77351341981184 -252.261189032504
31 461.76164301029 -256.073435635108 3.81999212358069 -252.253443511527
32 467.505068515012 -256.112617984124 3.86750546844706 -252.245112515677
33 472.974544667095 -256.149011885513 3.91275252639857 -252.236259359114
34 477.810106098894 -256.179600751279 3.95275543019574 -252.226845321083
35 481.72064437193 -256.201964600752 3.98510594182459 -252.216858658928
36 484.465419313739 -256.21418024726 4.0078125022707 -252.206367744989
37 485.861748949876 -256.214722946198 4.01936384762974 -252.195359098568
38 485.810544593343 -256.202807823426 4.01894025194653 -252.183867571479
39 484.137832160664 -256.177174013445 4.00510248864468 -252.1720715248
40 480.723263523165 -256.136613750338 3.97685495986416 -252.159758790474
41 475.686843908564 -256.08224838239 3.93519042676565 -252.147057955625
42 469.207099626058 -256.015752678416 3.8815857748924 -252.134166903524
43 461.505070775384 -255.938860256288 3.81786959146633 -252.120990664821
44 452.901695192389 -255.854321406419 3.7466968826441 -252.107624523775
45 443.786987466961 -255.765394359964 3.67129410234192 -252.094100257622
46 434.581026122829 -255.675647914584 3.59513641285668 -252.080511501728
47 425.681984411634 -255.588399258205 3.52151776185188 -252.066881496353
48 417.464134407084 -255.506695702765 3.45353437092859 -252.053161331837
49 410.287508277964 -255.433546823254 3.39416465994869 -252.039382163306
50 404.443112222558 -255.371395962973 3.3458160211289 -252.025579941844
51 400.133717425112 -255.321807094388 3.31016590936057 -252.011641185028
52 397.480794335063 -255.285843696851 3.28821920706979 -251.997624489781
53 396.512524569218 -255.263602991348 3.28020905088852 -251.98339394046
54 397.235016078301 -255.254855517076 3.28618596975095 -251.968669547325
55 399.722865180818 -255.26060658208 3.30676707283763 -251.953839509243
56 403.994490772886 -255.280854951727 3.34210473321628 -251.938750218511
57 409.923655542925 -255.3142866916 3.39115463388215 -251.923132057718
58 417.372342868797 -255.359847774482 3.45277501172547 -251.907072762757
59 426.226164512428 -255.416505660288 3.5260195729709 -251.890486087317
60 436.384003281699 -255.48337706295 3.61005181055187 -251.873325252398
61 447.77181493538 -255.559850303806 3.70425918242947 -251.855591121377
62 460.274401843384 -255.64502763256 3.8076886990121 -251.837338933548
63 473.729263006946 -255.737460848538 3.91899604652935 -251.818464802008
64 487.988669929884 -255.835894553419 4.03695911894362 -251.798935434475
65 502.911989299847 -255.93919536149 4.16041450618475 -251.778780855305
66 518.411445226314 -256.046697608723 4.28863606909523 -251.758061539628
67 534.367824855066 -256.157450418785 4.42063760154243 -251.736812817243
68 550.503287822805 -256.269227144016 4.55412062764496 -251.715106516371
69 566.37364080856 -256.378412677817 4.68541049184591 -251.693002185971
70 581.372356455375 -256.480120123328 4.80948960604246 -251.670630517285
71 594.771675222331 -256.568022311037 4.92033747079241 -251.647684840244
72 605.955088244175 -256.637161550946 5.01285392447552 -251.62430762647
73 614.749895445423 -256.685945942928 5.08561027993665 -251.600335662992
74 621.365853360824 -256.716838866629 5.14034177942201 -251.576497087207
75 626.03316451631 -256.73183122045 5.17895280769197 -251.552878412758
76 628.966391424727 -256.732609369474 5.20321836516397 -251.52939100431
77 630.470573798184 -256.721811850403 5.21566193839273 -251.50614991201
78 630.917310537051 -256.702527218318 5.21935763475388 -251.483169583564
79 630.731015360982 -256.678387428549 5.2178164800997 -251.460570948449
80 630.344887879245 -256.652927122738 5.21462218286592 -251.438304939872
