Step Temp PotEng (eV) KinEng (eV) TotEng (eV)
0 1000 -260.625938291108 8.27264928 -252.353289011108
1 1000.27877883804 -260.628015665599 8.27495551955381 -252.353060146045
2 994.429095129709 -260.579475258649 8.22656313783584 -252.352912120814
3 982.82709903673 -260.483192765478 8.1305838932107 -252.352608872268
4 965.884548551292 -260.342751905445 7.99042411513597 -252.352327790309
5 944.071804066166 -260.161951783961 7.80997493017627 -252.351976853784
6 917.947563277807 -259.945270860429 7.59385824842791 -252.351412612001
7 888.163297416671 -259.698349742493 7.34746346289645 -252.350886279597
8 855.489428753477 -259.42707814829 7.07716400682506 -252.349914141465
9 820.89482919927 -259.139652127855 6.79097501773106 -252.348677110124
10 785.524743359682 -258.845420309414 6.49837070257666 -252.347049606838
11 750.557779353879 -258.554421309076 6.20910127297027 -252.345320036106
12 717.093927430653 -258.275712478692 5.93226656245157 -252.34344591624
13 686.074158000979 -258.017079918707 5.6756508892134 -252.341429029494
14 658.292375598412 -257.785133529262 5.44582194702369 -252.339311582239
15 634.324918293586 -257.584483254224 5.2475475786075 -252.336935675617
16 614.590647994462 -257.418638719945 5.08429288162612 -252.334345838319
17 599.287309427412 -257.289480357718 4.95769372884781 -252.33178662887
18 588.250092640426 -257.195121562567 4.86638670534175 -252.328734857226
19 581.203147279149 -257.133632153752 4.80808979787258 -252.32554235588
20 577.800205334129 -257.101815501101 4.77993845264124 -252.32187704846
