Step Temp PotEng (eV) KinEng (eV) TotEng (eV)
0 1000 -829.461411620963 26.756850015 -802.704561605963
1 995.735200527548 -829.346863630356 26.6427374151716 -802.704126215185
2 988.220407712728 -829.145936012757 26.4416652309316 -802.704270781826
3 977.614943667417 -828.861538606837 26.1578964201318 -802.703642186705
4 964.195995299718 -828.501461744149 25.7988476312982 -802.70261411285
5 948.325901891221 -828.075813038973 25.374213922243 -802.70159911673
6 930.391318419467 -827.594821121278 24.8943409622078 -802.70048015907
7 910.790547724984 -827.068492151369 24.3698860805571 -802.698606070812
8 889.964442005105 -826.509002467081 23.8126450934138 -802.696357373667
9 868.39709553058 -825.929229065805 23.2355708385734 -802.693658227231
10 846.50208594742 -825.340582824487 22.6497293510798 -802.690853473407
11 824.580884795481 -824.750626815708 22.0631870597087 -802.687439755999
12 802.879777446626 -824.16576467994 21.482533785216 -802.683230894724
13 781.696276891535 -823.594025794348 20.9157300380707 -802.678295756277
14 761.39177359968 -823.044570078492 20.3724454888615 -802.67212458963
15 742.323248807825 -822.527720099527 19.8622318309985 -802.665488268528
16 724.8143032889 -822.051690744673 19.3937476018278 -802.657943142846
17 709.111307076862 -821.6234981914 18.9735848873962 -802.649913304004
18 695.322687333368 -821.245697839059 18.6046448570057 -802.641052982053
19 683.473064326381 -820.918926668651 18.2875862714734 -802.631340397178
20 673.526348944636 -820.64216158667 18.0214434998622 -802.620718086808
21 665.384744999942 -820.412672226273 17.8035998242325 -802.609072402041
22 658.922387167261 -820.22721831042 17.6306874849602 -802.59653082546
23 653.994319943257 -820.081536251459 17.4988279293837 -802.582708322075
24 650.442976990816 -819.971596675084 17.4038051786534 -802.567791496431
25 648.102146253769 -819.893085463073 17.3411719217117 -802.551913541361
26 646.750360988479 -819.839954068682 17.3050024061158 -802.534951662566
27 646.100489999247 -819.804350415013 17.2876139055279 -802.516736509485
28 645.892910777485 -819.779047236914 17.2820597394249 -802.496987497489
29 645.946369634198 -819.759185945699 17.283490130036 -802.475695815663
30 646.149490134228 -819.742193661656 17.2889249947903 -802.453268666865
31 646.424839122183 -819.725696555377 17.2962924663627 -802.429404089015
32 646.753067500271 -819.709098112434 17.3050748238459 -802.404023288588
33 647.199923909794 -819.694504873059 17.3170312937738 -802.377473579285
34 647.860469924078 -819.684407314295 17.334705424406 -802.349701889889
35 648.790385113272 -819.680430372243 17.3595870256499 -802.320843346594
36 650.010347975741 -819.683007588776 17.3922293889849 -802.290778199791
37 651.472910735103 -819.690935181777 17.4313629613746 -802.259572220403
38 653.081614375497 -819.701169777542 17.4744068033992 -802.226762974143
39 654.780438010538 -819.712813895801 17.519861972604 -802.192951923197
40 656.515557734772 -819.724272953357 17.5662883108234 -802.157984642533
41 658.205568274793 -819.733346935062 17.6115076693665 -802.121839265695
42 659.780122878902 -819.737815417763 17.653637790749 -802.084177627014
43 661.209629263481 -819.73731184238 17.6918868786767 -802.045424963704
44 662.49022014996 -819.731751749087 17.7261514569568 -802.00560029213
45 663.635192829915 -819.721392265021 17.7567873192257 -801.964604945795
46 664.66130633432 -819.706958680912 17.7842428843614 -801.922715796551
47 665.562510174194 -819.688149845868 17.8083562603378 -801.87979358553
48 666.343019089139 -819.664864045879 17.8292402203104 -801.835623825569
49 667.044701376424 -819.638778820389 17.8480150280294 -801.790763792359
50 667.704503777533 -819.61083058977 17.8656692619155 -801.745161327855
51 668.33334992598 -819.581314868971 17.882495203992 -801.698819664979
52 668.928669392612 -819.550224868556 17.8984240776717 -801.651800790884
53 669.478062915348 -819.517289622579 17.9131241177587 -801.604165504821
54 669.977904813404 -819.482317860421 17.9264983124562 -801.555819547964
55 670.424377706813 -819.445445491272 17.9384445207009 -801.507000970571
56 670.830631175337 -819.406822934918 17.9493145838263 -801.457508351092
57 671.248865665046 -819.368055858272 17.9605052213385 -801.407550636934
58 671.772019408897 -819.331708349319 17.9745031675975 -801.357205181721
59 672.489411763494 -819.300459150748 17.9936983272314 -801.306760823517
60 673.430450245671 -819.275102825383 18.0188775527573 -801.256225272625
