Step Temp PotEng (eV) KinEng (eV) TotEng (eV)
0 1000 -829.328220501541 26.756850015 -802.571370486541
1 995.673354802528 -829.212548982385 26.6410826183831 -802.571466364002
2 989.281943900061 -829.042919724752 26.4700685954816 -802.572851129271
3 980.621530419888 -828.811418504392 26.2383432109247 -802.573075293467
4 969.593753211248 -828.516092409609 25.9432746301543 -802.572817779455
5 956.343724991574 -828.160546865216 25.588745612386 -802.57180125283
6 941.221994721494 -827.754740796876 25.1841357435822 -802.570605053293
7 924.70175521805 -827.310913182135 24.7421061729766 -802.568807009158
8 907.361669728181 -826.845130890435 24.2781401062769 -802.566990784158
9 889.721086077404 -826.370943127677 23.806133655356 -802.564809472321
10 872.321271261106 -825.902433332006 23.3405694200276 -802.561863911978
11 855.927053765677 -825.458559705628 22.9019118013891 -802.556647904239
12 841.429653400488 -825.066310343032 22.5140070342103 -802.552303308822
13 829.661353706969 -824.746101854327 22.1991244043792 -802.546977449947
14 821.251893179773 -824.516710244854 21.974113730346 -802.542596514509
15 816.345263179467 -824.381869443985 21.8428277673487 -802.539041676636
16 814.430605497902 -824.325528139293 21.791597558933 -802.53393058036
17 814.906424719894 -824.332320198082 21.8043289824901 -802.527991215592
18 817.610291125744 -824.395709892858 21.876675930372 -802.519033962486
19 822.877710798981 -824.526946478602 22.0176154885349 -802.509330990067
20 831.131252103368 -824.737307604973 22.238454255309 -802.498853349664
21 842.570121789989 -825.033577335081 22.544522375855 -802.489054959225
22 856.914448554176 -825.40809873123 22.9283313756505 -802.479767355579
23 873.190315471941 -825.833005249347 23.3638223056333 -802.469182943713
24 890.273177734666 -826.279083050287 23.8209058890239 -802.458177161263
25 907.085302210745 -826.717967000966 24.2707453820639 -802.447221618902
26 922.626334193141 -827.119583759964 24.6865744438951 -802.433009316069
27 936.354791328448 -827.472062687904 25.0539047124019 -802.418157975502
28 948.033602220691 -827.769397217776 25.3663929037992 -802.403004313977
29 957.443092214763 -828.004358685036 25.6181612162882 -802.386197468747
30 965.031896040129 -828.190340959265 25.8212137020368 -802.369127257228
31 971.305878255606 -828.341980223468 25.9890857031731 -802.352894520295
32 976.374575557399 -828.459497669729 26.1247080766486 -802.334789593081
33 980.540852340646 -828.552652203751 26.2361845196589 -802.316467684092
34 984.164713357493 -828.631611249461 26.3331476253619 -802.298463624099
35 987.489895680813 -828.70246878325 26.4221190300595 -802.280349753191
36 990.525179681733 -828.765802345202 26.5033336688251 -802.262468676377
37 993.15323846791 -828.817754435298 26.5736522435974 -802.244102191701
38 995.306176357557 -828.856547463833 26.6312580798023 -802.225289384031
39 996.937544131961 -828.881884554251 26.6749083426613 -802.206976211589
40 997.846846509442 -828.887593309908 26.6992384099939 -802.188354899914
41 997.742801147301 -828.86624372903 26.6964544838443 -802.169789245186
42 996.541512431788 -828.814855302665 26.6643117818586 -802.150543520806
43 994.479022164455 -828.739786864007 26.6091260391182 -802.130660824889
44 992.089531719613 -828.655220464604 26.5451908016733 -802.110029662931
45 990.14846982328 -828.582387263824 26.4932540996433 -802.08913316418
46 989.443099178231 -828.543505566138 26.4743806030887 -802.069124963049
47 990.523236860823 -828.553013738528 26.5032816850574 -802.04973205347
48 993.679332430797 -828.617623969229 26.5877288608562 -802.029895108373
49 998.989468903562 -828.740969281519 26.7298113860171 -802.011157895501
50 1006.07016739902 -828.905466403696 26.9192685736614 -801.986197830034
51 1014.49136590316 -829.111692276782 27.1445933189834 -801.967098957799
52 1024.05890218614 -829.347811381637 27.4005904523201 -801.947220929317
53 1034.54541102886 -829.60946176455 27.6811763966057 -801.928285367944
54 1045.61258771963 -829.885741064061 27.9772991834101 -801.908441880651
55 1057.03275066876 -830.170957901518 28.2828667705868 -801.888091130932
56 1068.9422479263 -830.468397615141 28.6015274024609 -801.86687021268
57 1081.66647636113 -830.787739122113 28.9419876742484 -801.845751447864
58 1095.4274960399 -831.137031029563 29.3101892138467 -801.826841815717
59 1110.04490765188 -831.508806419342 29.7013051039559 -801.807501315386
60 1125.07651394965 -831.893264118541 30.1035035391498 -801.789760579391
