Step Temp PotEng (eV) KinEng (eV) TotEng (eV)
0 1000 -829.311514994284 26.756850015 -802.554664979284
1 997.365383525509 -829.24148419886 26.686355977145 -802.555128221715
2 992.995063062353 -829.126579303719 26.5694199679949 -802.557159335725
3 986.527608181475 -828.953477097057 26.3963712477684 -802.557105849289
4 978.018352435027 -828.724748629366 26.1686903680214 -802.556058261344
5 967.863163579502 -828.452267953897 25.8969695029402 -802.555298450957
6 956.424461731886 -828.145200186802 25.5909058732372 -802.554294313565
7 944.037362253401 -827.812917483309 25.2594661103705 -802.553451372938
8 930.86609526719 -827.460208854705 24.9070444951129 -802.553164359592
9 916.877775492458 -827.08501662766 24.5327611209385 -802.552255506721
10 902.067800263805 -826.687483360791 24.1364928350196 -802.550990525771
11 886.527710363656 -826.269192467642 23.7206889803417 -802.5485034873
12 870.746656742085 -825.843478269489 23.2984376955107 -802.545040573978
13 855.603485133537 -825.433306994578 22.8932541240293 -802.540052870548
14 841.908751079152 -825.062817250951 22.5268261789409 -802.53599107201
15 830.250929022943 -824.745026327707 22.2148995826813 -802.530126745026
16 820.807399151847 -824.488968153609 21.9622204703082 -802.526747683301
17 813.292055433542 -824.282591677361 21.7611335456263 -802.521458131735
18 807.227379793148 -824.114123548786 21.5988619291267 -802.51526161966
19 802.329866800338 -823.975840549452 21.4678199085316 -802.508020640921
20 798.621153161795 -823.867773520448 21.3685864139565 -802.499187106491
21 796.239760369878 -823.795582971294 21.3048678441964 -802.490715127098
22 795.333140586838 -823.759825818123 21.2806095546409 -802.479216263482
23 796.187898593841 -823.771818047958 21.3034801864334 -802.468337861525
24 799.097119725245 -823.837559362654 21.3813217799069 -802.456237582747
25 804.214998198478 -823.961971496102 21.5182600866102 -802.443711409492
26 811.539352485448 -824.144690849302 21.7142367357234 -802.430454113578
27 820.953906764082 -824.381868541109 21.9661405525148 -802.415727988594
28 832.396325789843 -824.673173966704 22.2723036421959 -802.400870324508
29 845.746622486173 -825.014016768694 22.6295155285554 -802.384501240139
30 860.786576597572 -825.399177593558 23.0319373249466 -802.367240268612
31 877.18666341138 -825.820523541556 23.4707519880566 -802.349771553499
32 894.368483515706 -826.262031998219 23.9304833715728 -802.331548626646
33 911.398452429533 -826.699918585719 24.3861516955601 -802.313766890159
34 927.127382016732 -827.101068577098 24.8070083054213 -802.294060271676
35 940.455459895236 -827.437466208575 25.1636256862047 -802.27384052237
36 950.514648494155 -827.684238204768 25.4327778868186 -802.25146031795
37 956.856013833765 -827.830144195343 25.6024528481008 -802.227691347242
38 959.772993693855 -827.882105130907 25.680502040714 -802.201603090193
39 960.274247673506 -827.868980408781 25.693914018267 -802.175066390514
40 959.677174180618 -827.825638182959 25.6779382123698 -802.147699970589
41 959.36716839567 -827.790428108039 25.6696434340782 -802.120784673961
42 960.540598625648 -827.794955296879 25.7010407307448 -802.093914566135
43 964.137046194572 -827.865072127454 25.7972703389333 -802.06780178852
44 970.629225895553 -828.013002806635 25.9709806174629 -802.042022189172
45 980.04094053913 -828.239435868114 26.2228084545651 -802.016627413549
46 992.14659873647 -828.538017862694 26.5467177352841 -801.99130012741
47 1006.39444757659 -828.894272771376 26.9279452897356 -801.96632748164
48 1022.00884739962 -829.286188469531 27.3457374438747 -801.940451025657
49 1038.191248834 -829.693018036238 27.7787275319368 -801.914290504301
50 1054.01135140714 -830.090255104585 28.2020236437084 -801.888231460877
51 1068.64528543565 -830.453622857611 28.5935816216386 -801.860041235972
52 1081.778527565 -830.775993525744 28.9449858115042 -801.83100771424
53 1093.42518998969 -831.059889361158 29.256613811177 -801.803275549981
54 1103.65531525128 -831.305143533408 29.5303397384361 -801.774803794972
55 1112.68631746322 -831.520589466718 29.7719809101059 -801.748608556612
56 1120.48483558292 -831.702728462128 29.9806446897742 -801.722083772354
57 1126.67793413252 -831.842417806028 30.1463524987938 -801.696065307234
58 1131.07033961246 -831.933794438414 30.2638794334257 -801.669915004988
59 1133.68502755447 -831.977880889382 30.333840246526 -801.644040642856
60 1134.71771048938 -831.980528217499 30.3614715889286 -801.619056628571
